%YAML:1.0
---
Camera Count: 6
Point Count: 513
Rotations:
   - !!opencv-matrix
      rows: 3
      cols: 3
      dt: d
      data: [ 1., 0., 0., 0., 1., 0., 0., 0., 1. ]
   - !!opencv-matrix
      rows: 3
      cols: 3
      dt: d
      data: [ 9.9504575816736363e-01, 7.3088989491119655e-04,
          9.9415315485583550e-02, 1.5872524454571706e-02,
          9.8597837349440620e-01, -1.6611655537231765e-01,
          -9.8142763974607999e-02, 1.6687154581080252e-01,
          9.8108199712263477e-01 ]
   - !!opencv-matrix
      rows: 3
      cols: 3
      dt: d
      data: [ 9.9999199506826886e-01, -3.9614592003618804e-03,
          -5.6270808353307161e-04, 3.9164693181388023e-03,
          9.9787461564045710e-01, -6.5045466625201595e-02,
          8.1918707477757246e-04, 6.5042742111737620e-02,
          9.9788214265569586e-01 ]
   - !!opencv-matrix
      rows: 3
      cols: 3
      dt: d
      data: [ 9.7212990689463452e-01, 7.6092334380673046e-02,
          2.2175076272592412e-01, -3.6364854067935840e-02,
          9.8335599525348460e-01, -1.7801287590409462e-01,
          -2.3160535725593004e-01, 1.6498770635271195e-01,
          9.5871685874549240e-01 ]
   - !!opencv-matrix
      rows: 3
      cols: 3
      dt: d
      data: [ 8.7565422818340832e-01, 1.1832344062309769e-01,
          4.6821921795632421e-01, -3.4934968108614954e-02,
          9.8250083535882171e-01, -1.8295260731257046e-01,
          -4.8167335474133260e-01, 1.4384600070328624e-01,
          8.6446463630035242e-01 ]
   - !!opencv-matrix
      rows: 3
      cols: 3
      dt: d
      data: [ 7.7801661036177050e-01, 1.8239677623067957e-01,
          6.0118347450827025e-01, -7.1156146492647732e-02,
          9.7635312570441868e-01, -2.0413568219086126e-01,
          -6.2420105480325616e-01, 1.1604305213095206e-01,
          7.7259760110592846e-01 ]
Motions:
   - !!opencv-matrix
      rows: 3
      cols: 1
      dt: d
      data: [ 0., 0., 0. ]
   - !!opencv-matrix
      rows: 3
      cols: 1
      dt: d
      data: [ -1.2610714489014385e+00, 2.5100722578082207e-01,
          1.6123795947297488e+00 ]
   - !!opencv-matrix
      rows: 3
      cols: 1
      dt: d
      data: [ -6.6017465443716838e-01, 9.0372464260085592e-02,
          5.0294364335683794e-01 ]
   - !!opencv-matrix
      rows: 3
      cols: 1
      dt: d
      data: [ -1.5026374702626455e+00, 2.3267297751056834e-01,
          2.1891791552670816e+00 ]
   - !!opencv-matrix
      rows: 3
      cols: 1
      dt: d
      data: [ -2.2399550285959031e+00, 2.6479762062198897e-01,
          2.5524843959250632e+00 ]
   - !!opencv-matrix
      rows: 3
      cols: 1
      dt: d
      data: [ -3.1591616492581172e+00, 2.8162348371837209e-01,
          2.8921184422746058e+00 ]
Points:
   - [ -6.0561306347472776e-01, -8.5779538295582114e-01,
       -7.5931713569596226e+00 ]
   - [ 7.4827103719848131e-01, -2.1297040663876592e+00,
       5.0664613262158635e+00 ]
   - [ 3.5793955400022892e-01, -1.7528750723316167e+00,
       4.4359386081455217e+00 ]
   - [ 4.1856654823202394e-01, -1.3886807157844694e+00,
       4.4136319693138146e+00 ]
   - [ 4.8556451649941501e-01, -1.3622644884084631e+00,
       4.4874136246134455e+00 ]
   - [ 6.5836547673373336e-01, -1.2994065604615976e+00,
       4.6890825644660419e+00 ]
   - [ 5.5083406487933773e-01, -1.2465164077560567e+00,
       4.5309467400376082e+00 ]
   - [ 6.1874563905121982e-01, -1.2697675895096476e+00,
       4.6315281491580427e+00 ]
   - [ 6.2450394919591690e-01, -1.1714904951304699e+00,
       4.5645783422194812e+00 ]
   - [ 3.2237193031425526e-01, -9.1679497315548897e-01,
       4.1539447423615394e+00 ]
   - [ 5.2779542802405344e-01, -7.1882015478296801e-01,
       4.3394710195805839e+00 ]
   - [ 5.4311439190748623e-01, -6.7473339147229161e-01,
       4.3408773366885951e+00 ]
   - [ 4.9445871843106731e-01, -5.5832220671876509e-01,
       4.2596509164763932e+00 ]
   - [ 6.7147158120123951e-01, -5.9096598488630514e-01,
       4.4978947941178493e+00 ]
   - [ 6.8640869267290239e-01, -3.5056448594294026e-01,
       4.4254118651816317e+00 ]
   - [ 6.8750453146481250e-01, -3.5148518667008116e-01,
       4.4607887710823011e+00 ]
   - [ 7.3547481330635234e-01, -2.1535338357450917e-01,
       4.4761826193600607e+00 ]
   - [ 6.6862467615024612e-01, -1.9499428001707839e-01,
       4.3653094527691971e+00 ]
   - [ 9.1005646357130554e-01, 2.3041849319704868e-01,
       4.5128022303019071e+00 ]
   - [ 1.5736687143345420e+00, 3.7953896307084967e-01,
       5.3481548829247716e+00 ]
   - [ 1.7459520028574560e+00, 1.5958980660508297e+00,
       5.0949951484009732e+00 ]
   - [ -1.8638429012830807e-01, 1.3592264815623105e+00,
       3.8508968724176831e+00 ]
   - [ 1.1550388402952960e+00, -1.8805853836515500e+00,
       -4.2910625707276990e+00 ]
   - [ 4.0733903670474231e-01, -2.2370802887386567e+00,
       4.6308699467628580e+00 ]
   - [ 5.9541226523112933e-01, -2.0925775473380406e+00,
       4.8543731968454749e+00 ]
   - [ 6.8061747656081495e-01, -1.6556251716472263e+00,
       4.8209440470165674e+00 ]
   - [ 3.7388602547230620e-01, -1.2194505318546276e+00,
       4.3066934406142812e+00 ]
   - [ 4.5439468005883182e-01, -1.1061087609614484e+00,
       4.3716369363709857e+00 ]
   - [ 5.7390655490396690e+04, -1.2633359282185494e+05,
       5.0925556587451498e+05 ]
   - [ 4.2941331002833660e-01, -8.0731422353241244e-01,
       4.2426099163911939e+00 ]
   - [ 7.0044879222152279e-01, -7.9977263082210515e-01,
       4.5955226093106196e+00 ]
   - [ 4.2862378863564271e-01, -6.7485720308616792e-01,
       4.2174748477540245e+00 ]
   - [ 4.8436944362452689e-01, -4.0264105813055950e-01,
       4.5317385640467593e+00 ]
   - [ 4.1561424196864866e-01, -5.8991956694727088e-01,
       4.1661390767989435e+00 ]
   - [ 5.6810129746777893e-01, -5.3572217613268269e-01,
       4.3676619619295467e+00 ]
   - [ 5.0650694948265185e-01, -5.1393344664412477e-01,
       4.2581246026752790e+00 ]
   - [ 6.2038836271700681e-01, -4.7499656918094085e-01,
       4.3932276256582510e+00 ]
   - [ 5.4497410240070443e-01, -4.0647793354760819e-01,
       4.2960125805721017e+00 ]
   - [ 5.4439937200848976e-01, -4.0651376835494130e-01,
       4.2741192226507208e+00 ]
   - [ 4.6600692817827283e-01, -3.9127791923584537e-01,
       4.1680048693976515e+00 ]
   - [ 5.9789341129755946e-01, -3.8328353597393627e-01,
       4.3471598529716795e+00 ]
   - [ 6.3567327539040908e-01, -3.7278938501405812e-01,
       4.3793969446582572e+00 ]
   - [ 4.1199161384562127e-01, -3.0366872441645110e-01,
       4.0872650981208318e+00 ]
   - [ 4.1184899748201054e-01, -3.0413631586467471e-01,
       4.0804977647274674e+00 ]
   - [ 4.6764005724038066e-01, -2.3372388924464974e-01,
       4.1375374031646128e+00 ]
   - [ 4.9166753303041172e-01, -1.7936885749694323e-01,
       4.1461455195442687e+00 ]
   - [ 5.9120396519999341e-01, -1.6946994739094565e-01,
       4.2653888524109123e+00 ]
   - [ 5.3137968916062928e-01, -1.6383231676439466e-01,
       4.1887205428128391e+00 ]
   - [ 5.6968693999184206e-01, -1.4953616278764942e-01,
       4.2303812634226494e+00 ]
   - [ 4.3850384662006342e-01, -1.0222499259057162e-01,
       4.0119419351010324e+00 ]
   - [ 5.8033729873340612e-01, -9.5481652516510501e-02,
       4.2371641687746768e+00 ]
   - [ 5.3309333059975861e-01, -6.6070639044011906e-02,
       4.1077181847491824e+00 ]
   - [ 6.3638061343646823e-01, 3.0954454619045152e-01,
       4.1870366775263301e+00 ]
   - [ 6.4400634479990315e-01, 3.3655821737179686e-01,
       4.1883941174554611e+00 ]
   - [ 1.4282203357205376e+00, 5.9585149958664685e-01,
       5.0755733885511480e+00 ]
   - [ 1.7678570476321964e+00, 1.4161225331388765e+00,
       5.1527562133677636e+00 ]
   - [ 5.9201288228589710e-01, 1.1176785958734545e+00,
       3.9135331457370182e+00 ]
   - [ 1.0966816332646463e+00, 1.5331902672889599e+00,
       4.4266605966223382e+00 ]
   - [ 5.4746982270857736e-01, -2.1807300916557493e+00,
       4.7847749091823752e+00 ]
   - [ 6.2505759328926647e-01, -2.0168575653905063e+00,
